10000 0
6906
272
3519
6431
5844
8873
6603
4960
6520
2953
3993
5327
3772
6270
7092
7684
8632
7645
6729
44
6911
2690
4733
7641
3378
4633
4085
2350
9562
9266
1539
8441
5217
5341
5538
4176
6560
9641
5105
3964
988
6579
9324
9729
371
4797
6953
6675
8734
3556
9992
2301
938
8522
59
4638
9859
8458
7619
3826
286
6837
7890
3421
7599
3229
4145
5826
7262
1434
4428
5265
2758
1272
3327
536
2769
2644
42
2588
8157
366
8817
964
8827
6326
7241
3380
8912
2033
3727
9792
3218
7608
3585
4075
9902
7724
6952
4999
6745
406
7972
9536
7539
6988
1575
2680
5531
7256
2736
5202
6832
3831
9356
3952
8755
8185
7905
5207
7959
9702
7880
3861
6393
3333
6809
551
9915
4392
9649
9660
6850
6740
3286
6118
4000
1643
9119
9894
5472
3521
6417
7605
4944
4340
3058
2385
5884
8547
147
5837
1574
2247
7145
4354
5555
3259
468
8240
747
4889
7928
8460
2764
5193
73
4332
3510
6511
8187
6973
58
9220
2097
4927
581
5865
9612
2436
6495
5895
400
1338
3530
8406
8791
8954
7892
5392
1971
9212
6444
4255
9670
1469
1939
3260
8810
4098
118
7898
101
3507
6531
266
1270
390
1226
7722
9247
5142
800
9443
4826
1133
6814
861
6890
655
6610
35
8205
963
237
1244
5511
754
4892
2198
7192
4560
1551
6635
2923
6377
6686
2664
3517
528
6585
2143
654
8506
7409
3289
7018
6185
6693
2377
702
7258
1254
281
6161
5440
6636
8639
6277
9345
9883
8732
7357
7877
5969
7970
9988
1432
3775
518
9736
3874
409
624
3345
8476
9139
3669
63
5937
78
5846
3650
9462
6456
1322
2043
3637
9333
1127
3532
3655
6115
7628
3091
5813
4648
2776
4532
5034
9251
2501
1286
3054
2526
6457
8745
3572
5000
5433
6180
4396
7683
9934
2623
2525
8730
2109
1505
715
4182
4961
452
2712
7674
5246
6259
6059
3365
2674
8510
1719
3621
5134
4515
1941
165
1256
3985
5101
4474
9733
7327
9876
250
5023
8129
8636
1748
5261
3262
7164
5051
7649
1467
2592
7616
7657
1108
7452
6220
8962
9473
3150
3100
1673
6541
2468
9848
6507
7074
6828
7179
4469
666
1370
9057
4019
2560
6980
8841
6490
3735
9764
5503
264
7199
5172
1922
672
3119
6823
4801
4364
7769
6090
8610
1415
5460
1221
491
6712
2094
8076
7226
5146
2548
1081
9576
8988
8994
2347
4037
1778
2852
1379
8689
6375
6630
4676
9523
3741
4129
5344
8675
393
8349
4962
3818
3845
9342
5179
6173
7378
6922
7681
6578
2342
174
7039
7162
7045
2941
1503
1623
665
6086
9479
1615
2157
6776
4107
9684
7490
9751
7650
5635
4324
4245
1237
6567
8890
5992
488
5321
145
9129
2012
9767
9688
6369
1396
4629
2967
852
4320
2252
3891
9394
4720
2594
8635
9810
6565
960
4014
7168
2803
3438
9832
5873
8266
9505
5052
2865
9334
590
3533
4097
2113
4279
9241
8286
6387
874
5377
6562
5785
3279
5712
6343
257
9947
8274
1923
5532
9484
8971
2945
8393
9240
9849
5431
5457
1064
713
8162
6931
4050
9609
1319
6701
4005
8045
4096
7716
5748
2303
7773
6290
1236
2045
2810
9761
9829
8590
8056
8380
3381
8288
8060
1547
9061
1109
6764
5355
3783
8910
7425
9881
9691
580
1704
2485
4052
4170
8815
4122
8396
7677
3791
202
1799
8028
3900
2777
5089
3099
3858
1219
112
3000
9765
4928
5350
1634
6573
8972
2302
9393
8816
1227
5784
9332
6254
8804
2004
9803
3467
2474
799
444
7005
421
9157
1021
3526
7978
9207
8541
6902
1595
1681
2404
6553
3035
7106
8725
6801
2058
4870
2393
788
5554
4499
6628
338
2682
2589
6084
2100
3314
4667
3151
3921
5220
3393
8631
3189
7344
3894
6026
1880
1073
4694
6963
8656
247
4864
265
5872
7486
3617
7026
9977
4557
2046
1468
6089
4747
7489
891
6790
1722
7037
7223
1523
6160
5033
8448
658
6623
4353
9159
8452
3028
5736
2811
8192
9979
3947
5363
4310
8086
8231
6831
8913
9253
7879
4374
2421
3483
7364
5281
9907
3383
3588
4213
6174
9077
212
9563
1422
8670
1393
9567
388
5523
5901
9826
8509
1932
3258
4142
5209
6559
6383
3025
6197
3939
3766
2479
4002
7804
8160
8445
5196
2552
4013
3615
724
7453
644
9097
7720
1024
4147
7774
6271
1824
5595
5453
6009
2571
7468
5224
3453
9928
205
7209
7418
3740
167
1250
5152
6406
5498
4309
9172
5357
1610
3550
1972
8856
2587
6582
1416
192
6617
5976
5707
9635
254
3737
7647
9340
222
1182
1285
4573
626
8479
9003
5444
9556
7805
8523
2133
8918
8868
3132
5559
5091
7397
6506
6472
3744
9221
3282
5468
5494
8786
375
2658
9426
7699
6325
381
1767
34
1597
5909
3754
2565
1581
4991
7187
48
6107
5198
1497
840
8780
647
138
7938
4359
9891
4202
9474
8834
4957
8882
283
7729
401
309
7207
7003
4328
3140
233
3956
2666
2483
149
3908
3317
8362
5176
6956
3911
4934
7198
6214
9391
6411
588
2173
5596
5811
2794
6208
9589
8228
1112
565
8593
8691
9235
8449
6979
3584
1555
6182
1255
7227
6453
5699
4451
5257
2370
9559
6871
6011
3002
3742
329
8135
495
9078
1360
4367
2482
1616
7976
2651
6144
851
344
4242
7509
1713
6538
9699
1019
2601
6125
6116
9712
6145
9971
4756
6943
5673
9311
9705
9808
7078
809
8036
198
7899
9472
494
7410
6894
130
8712
4872
929
4344
846
7212
3723
4712
3450
2790
1353
8584
8201
9760
8440
4117
3805
2387
621
4894
2092
4203
9337
7755
4248
723
8424
6129
4289
9657
1868
5890
2220
4791
321
995
5186
3565
9456
1617
7097
3088
1981
5833
2168
3078
2403
3736
6269
6275
8669
6508
1959
5971
7725
6612
2343
1700
5720
6216
9739
4498
4946
984
4156
6479
1567
4988
2036
3531
9236
5203
1686
295
3751
5096
2355
4271
9269
5300
6755
5427
4852
4704
474
6970
4214
3437
5311
8859
7865
370
1833
2484
438
6198
6184
2710
3876
3236
1366
2078
9135
2104
6644
3990
618
1299
8284
7464
6265
1499
3077
7438
8989
9068
7034
569
8330
6303
2051
4799
4356
9956
1361
7193
7063
2575
2306
7746
5877
9198
2413
2709
2845
4590
2866
2718
481
7312
8478
5977
7218
7053
9369
8001
4331
2062
7853
2991
9389
5124
4531
7501
3749
4254
1646
7313
7653
6688
4415
8563
1118
4417
531
8263
8582
9774
6705
6499
767
1813
9329
9506
2742
183
748
3060
3299
6924
4540
5019
9980
6631
7286
7949
2986
9546
890
7948
555
2245
2995
837
320
9920
4433
1632
123
4225
7134
7776
6042
2854
357
8881
3197
4281
4291
5515
7569
2085
7459
4430
6995
2982
7560
2170
465
3755
4511
9738
6054
7999
5775
4841
8183
3760
6435
842
1156
1274
2268
9136
2041
9012
7676
151
6321
3589
9922
4703
8337
1655
1760
5892
6787
5454
8189
6045
6005
5100
6737
2928
5989
9630
3389
2257
2024
7329
6985
1498
2980
9183
1086
7758
9960
8999
5618
3938
7823
3409
2773
3950
7540
6656
1279
169
4024
3386
8955
3102
3261
3999
7988
1052
8210
3684
8304
1875
4887
5162
4922
1954
2912
541
3335
5995
3535
1016
5963
4139
5490
9114
2331
5153
3666
8537
7768
7314
2893
5801
460
716
8739
9076
4793
3387
1306
9437
7663
1332
6186
6222
1798
1817
3013
6083
5373
7022
5728
1210
9259
5988
3537
7759
9148
959
3934
1803
9270
2431
1044
3243
8013
3109
416
5858
2846
8702
1260
190
1341
2597
4643
7088
9008
3497
8677
306
8743
7886
9131
1901
2675
111
6648
8294
2848
1185
5144
1898
2418
7336
776
1121
3681
2716
2618
4680
516
5463
1783
2200
532
5048
7747
3768
5066
5190
5270
3277
2926
1908
1344
2753
2420
1525
2032
200
163
2313
4459
8196
2116
2230
5031
6672
5783
8763
8348
160
4397
9409
927
110
857
635
5636
567
5319
394
5127
1348
4650
8312
9461
5667
7109
229
9600
8948
4538
1460
2287
7692
2628
4584
7993
6638
1953
8224
6117
4717
1252
1607
9950
3832
6583
2535
9869
8648
4138
9350
6900
5561
8637
2369
8459
5764
3767
2847
3856
5352
4912
4236
2781
2419
2622
1549
6734
6749
4115
5868
432
3415
8678
798
6866
9983
8688
7667
3895
8957
7737
8568
5252
7255
7866
6918
1172
17
98
7307
3773
1944
8255
7508
4591
9099
4876
1647
9993
4173
203
8905
6364
7873
3726
8277
5760
4501
6555
1665
5088
219
7377
4323
397
7907
9152
5594
6920
1094
2060
90
470
2398
9752
8280
2119
926
4342
7557
7222
5949
7160
2981
8446
9972
8789
7579
5953
9052
7249
7210
3216
8267
9470
645
3560
2997
3179
3680
5452
5384
8921
4015
1238
2290
220
5660
9986
3505
8468
9274
4607
981
637
8883
1381
3979
9683
4937
811
5027
8486
5466
7305
958
7937
1196
2688
6298
7545
7547
4550
6702
71
3868
4297
1078
6691
486
614
9498
5866
991
8773
6127
6700
2135
1209
132
1707
9921
9990
3414
4093
3579
2780
2386
3364
2029
8092
8018
5455
1191
9273
1888
4111
1186
1356
1871
7041
4039
2008
5482
6477
4760
868
6355
598
9113
8308
2933
436
4853
2416
2189
5590
6236
5247
2299
1940
4336
3877
6526
8617
6544
3082
6945
6840
6080
6525
5205
8360
9466
4168
8211
1382
3101
1759
5359
8806
2030
5546
9952
9825
5599
8947
7290
1763
46
6653
4528
6671
720
20
2339
5986
9147
1737
5062
4847
5821
9994
9625
1600
301
4276
5598
5902
6670
7090
4317
3770
2816
5330
7711
8939
4479
6179
1234
7008
2233
3980
6421
1258
5218
1119
9501
6373
4091
6385
5090
8176
2828
7516
5931
7407
4860
3872
3757
4641
194
9754
5665
3986
6188
2478
9038
6581
9855
5887
4896
4365
7691
9689
3461
3591
3362
7953
9353
1773
14
4004
5947
1977
7891
9812
8991
3431
6637
6697
8093
3653
8719
7984
3448
5474
9868
1715
2204
8370
5001
3145
8658
6112
487
4780
3697
7648
6543
6763
1699
507
1060
9830
1262
6368
8963
9577
7518
2653
5290
7617
2919
9142
2577
2638
9778
2208
6803
3527
8754
5331
782
6458
2591
426
1443
1098
2830
1777
8142
2998
9109
9048
2698
3331
68
3280
5745
7396
4377
5293
9264
7777
7424
6448
146
5859
5651
1061
8659
3147
3134
3472
4484
6350
4688
4881
323
4568
7940
3815
9291
2642
9742
1216
780
7845
2144
4378
5689
7955
4163
8513
3276
9011
5335
6993
352
8057
1625
5140
8696
5584
6708
9675
7661
8577
1261
6587
3350
4786
297
5184
2512
9112
3664
1313
6594
3694
8556
7139
1946
608
8110
5336
5889
2154
9457
8143
4063
5717
1400
3536
6798
574
5573
5614
1444
1879
8711
7644
5589
4194
1026
6927
446
9117
8079
7553
3983
4480
159
7917
9619
9645
2606
7070
5650
5229
2684
1657
5954
4195
5842
1066
6048
4875
3994
6204
6322
4803
3022
3392
9732
3546
4106
428
2411
2616
652
2399
5254
4327
9050
437
2492
1613
1095
7392
9072
6549
9544
2172
6255
6440
7924
8295
3098
3881
8618
7799
9328
8630
5676
3010
2558
6058
3800
8847
8100
3074
4326
6514
4536
642
7414
6329
1120
2936
7302
6717
7015
5739
5211
2137
4775
3898
529
9089
7219
5462
8936
2121
5567
9120
490
3094
3435
1602
4750
971
188
4753
5170
3135
6584
9552
8937
3686
727
5631
7941
9643
1184
7281
661
1847
8589
6504
9892
685
2406
2625
2265
9255
5702
3734
3600
4959
1957
2720
6136
5310
5588
6001
4292
8993
6363
1027
8015
1672
9540
8481
7786
8275
5828
4416
7252
4148
8398
7639
7472
8031
1500
9744
6311
5514
1717
3931
9621
7387
8261
6106
4822
8423
4481
2759
2244
7434
7752
772
7449
6800
7717
7842
9593
4956
3410
8674
3052
9492
7050
8306
9519
2532
5436
8082
9797
9211
8706
2486
2367
1050
1083
8985
3066
3922
6019
3205
8442
1479
3420
4434
7857
5304
3602
1925
4942
7394
8863
4630
5243
698
9081
8762
1963
7113
5862
3146
7750
8020
3113
4620
8485
6642
7098
30
1517
6789
9160
7049
7502
7960
180
9497
4639
9411
5857
9357
4190
319
6529
5496
5421
5299
186
8461
8801
4521
5108
242
805
7482
4092
3590
5603
5485
3473
5507
6462
2305
9471
8207
2701
4154
8894
9573
3149
1695
1825
1913
9463
6044
8879
4950
3917
2294
8477
6391
23
3948
4380
8819
5120
504
4537
9620
7754
3604
1046
1806
241
6558
5045
3586
5789
4316
6757
3354
2961
4197
238
404
3476
9731
3511
3301
3361
8512
8248
4172
1490
1976
913
9299
2069
5938
7163
5274
5863
4072
5345
4046
1985
5030
6192
2324
2775
4740
8175
4698
2298
2314
5958
8845
2430
2363
8703
1761
1417
2169
3748
5718
3675
2397
9948
1724
5509
134
1212
5542
3495
9822
8109
5409
4389
1947
2070
8545
1993
947
8708
1096
2722
2162
9865
2217
2042
7751
6248
38
4083
7541
7521
907
596
81
1179
5095
5058
6443
139
3763
7444
4779
1158
6515
2064
623
399
3515
9789
9436
461
6002
5906
2425
1405
9180
2974
150
6934
1056
8364
4040
9818
3790
1765
8238
3430
2553
4980
7591
7912
5524
6915
1945
4215
2392
3714
9937
5499
8980
1979
5487
8316
753
816
6233
9422
1076
9441
2175
8373
7846
2820
3811
3712
9260
1146
2276
682
1951
4802
6824
1080
7973
4337
8000
5132
8244
630
9477
576
6652
1885
1363
2635
2438
1374
2754
8778
2703
9951
3121
1327
7096
3434
7017
5156
2022
245
8728
1723
8455
7761
3332
7580
7706
8064
3667
3638
215
2246
6489
9213
5613
7870
4664
287
4407
52
3631
2807
4425
9807
3781
7485
5195
6289
910
3406
3081
6316
4222
6786
3976
5965
4065
8174
7122
2278
5543
9870
2906
6650
9782
9508
7642
6012
454
4742
3867
3729
1829
9276
3043
1084
4685
2696
3962
8746
7
1564
129
1349
2312
158
619
9310
7071
1372
4836
6436
7767
8469
6599
7372
6818
5952
3885
4199
3451
6586
7458
7908
4313
2256
8342
6031
6318
1315
8764
4128
6183
8576
3927
8662
5823
6487
6878
1464
4218
7529
6730
5580
9024
4888
5729
5112
8870
8640
6875
3385
2645
3173
7952
3489
8243
725
7274
8041
5630
2225
8867
3978
1587
5326
3646
9852
1190
310
6528
5013
9289
5805
7622
9158
9314
3308
5497
1380
3942
3373
3687
8515
1489
8101
4294
3085
6778
5060
9238
4475
311
8605
3630
6756
5643
51
8724
5991
1694
8037
9973
6020
7285
228
9124
3946
6847
8258
8047
5941
8798
7762
289
6677
4274
2686
6821
2475
9634
4473
3372
4900
224
9528
2556
9281
2520
7855
6530
6017
5121
9804
9319
3864
2607
3271
294
1550
9569
7523
3574
4804
1321
2002
8283
7967
8621
3836
3539
1645
8646
2519
1442
1630
2647
498
4102
3225
3249
4599
4363
9049
7436
1786
2139
970
5557
5649
693
510
3444
9547
476
8932
8573
1401
6960
6925
7203
9545
9203
2909
9359
9566
3366
6284
4593
9772
9866
6667
5118
358
2415
632
4300
6766
6719
135
3047
6273
6434
8788
6496
398
7946
6955
2922
4421
8907
7609
3111
6478
2215
7990
802
1593
7481
2916
1899
3117
204
9949
6433
6046
1176
1887
5316
8254
4597
3172
1631
4938
7059
9280
6622
957
9991
5539
8742
949
7733
7900
602
848
8973
3226
946
8753
4488
7927
7951
3896
9343
2037
5004
6794
2924
6299
8665
8647
1926
2352
8533
3996
9026
8044
3407
396
3424
4452
8125
7335
2250
7403
744
9585
6542
2540
4795
5894
8915
1208
1371
8195
2798
1746
5415
1430
789
5259
7347
8901
6703
9458
4909
705
1609
7719
5339
5251
7126
3263
3702
4837
5773
3865
1674
5609
7710
8329
8265
1154
5263
4663
1532
4830
4362
742
3087
8603
4559
9846
8649
9541
3318
7373
3408
4287
2281
7982
7734
8457
5376
8857
5742
9271
8199
2477
2551
3859
3493
152
373
3915
3274
5298
8338
7997
2476
4669
9435
9871
5662
349
9358
4330
9823
6253
6015
4003
7863
5078
2808
9637
9669
3252
5236
9828
5734
5015
810
4725
3933
500
499
6072
9320
7318
1402
1952
6337
2427
1860
9095
3549
8117
503
4132
2915
7284
5046
8399
3188
6505
9843
8625
7369
9872
492
8679
3619
3264
76
5642
9308
826
5187
905
5061
7175
5394
5725
8673
1358
7455
9261
6634
6076
9509
478
6165
884
4835
9418
7834
1515
5484
4278
3080
4113
5385
8949
4508
1801
1826
3540
7167
5364
3524
7376
80
9923
8439
6049
5306
3267
3821
4212
2163
6962
622
2077
8118
3139
3707
2328
6781
1342
5128
5276
1307
276
7391
2473
7363
9176
3699
1837
688
97
3914
3769
7123
1591
3001
9285
8139
3618
7248
9346
7332
9206
955
1267
171
6428
3428
6252
7813
7589
7787
9318
5705
6682
4021
9230
758
7929
8813
8256
8967
389
9493
3774
1177
892
1144
3582
419
9997
1640
860
706
9762
6904
5239
6035
5581
3713
4661
9140
6352
517
761
6908
4025
1614
199
7524
2545
5994
70
7835
2114
2839
7461
894
3607
2300
6050
9302
4610
2976
2498
3745
2131
3622
8464
3663
5796
4270
9939
458
6707
9110
2913
8225
263
1882
4017
5313
6624
8795
9687
6268
4647
6235
2799
522
3488
9102
6595
3285
1795
2146
161
1604
2988
5087
1351
8027
5349
7023
453
4405
8797
9813
4419
6676
4766
9103
7173
6722
4556
1988
8896
6466
144
282
1284
6680
172
822
6244
2747
1659
2487
2543
2231
1114
9090
7402
2843
4520
475
8341
4095
5841
756
6999
7726
6240
31
8033
5777
7945
552
9118
1831
6992
9039
1488
9290
4306
7806
5154
7178
463
9717
7229
96
1995
6409
9707
5278
8444
6349
9882
181
6996
1199
9252
7283
6189
5028
1165
7089
3053
7887
2459
1690
6226
9287
2942
4971
246
3396
7020
8682
906
4820
3097
6258
535
525
1928
5486
1204
8494
4184
7065
1920
5279
1989
5185
5260
300
102
2
7544
33
9425
2445
5600
6420
5232
2124
7231
2359
7465
5818
7085
3470
8372
2615
1541
1756
197
5040
2086
9756
1619
1772
6941
9020
2424
7176
9786
7868
2749
9244
9187
5167
2161
6075
1206
7934
3575
2584
2277
2949
8051
573
2573
9708
7577
8790
4646
3328
4761
2378
7129
8242
4267
230
9561
1751
1865
9390
8282
1598
9877
7743
361
2957
9959
3337
9768
7745
8553
3568
4048
9594
4910
2243
836
3019
2122
8975
2171
9450
3777
9753
9017
2812
6124
383
8188
9191
5475
9968
5910
9485
7789
6966
539
8170
5175
7433
6170
6611
1731
32
1453
1462
3991
8111
2871
7404
858
6859
9282
3538
304
5107
1730
2417
6
6916
3288
9392
2142
5116
2672
4772
6223
7954
8528
3208
9618
7623
3692
7728
9313
1141
777
7416
9857
2971
4635
4079
116
7715
5157
8392
7183
2600
2470
8016
2704
5568
9382
3355
1510
5664
6889
600
2235
7225
1818
4609
8559
944
4730
9840
4716
9981
6747
3316
1305
2853
4625
6977
1126
2184
1814
2490
2529
2405
221
2726
1014
464
8517
8408
5068
505
607
2744
7911
2414
4177
4080
671
9079
8866
2831
2800
6098
668
731
4880
4208
8190
4009
3923
679
1853
7471
9941
8851
9225
9070
2739
4149
2598
5424
2508
6539
6958
369
3576
1384
4112
6317
9439
9482
3839
526
8144
8052
9945
2388
2266
4890
4834
3965
2491
8356
4036
9827
5772
3126
8191
2721
996
9367
6486
2955
5722
1936
4175
520
4119
1111
5065
1611
3710
6018
8247
9962
9491
1314
4086
8011
1811
8030
8385
7417
9215
9366
5024
3709
6065
5346
2023
8289
2376
5946
4290
8928
9481
9064
4996
2559
3425
2850
9626
909
6834
3254
8622
8388
2356
274
3802
2120
3320
2649
8074
7760
6516
7697
7266
4510
9623
8692
2778
3468
6217
3011
3499
6665
2858
8715
2921
5744
9893
8505
6674
7738
2729
2338
6003
8820
3929
1792
6023
8944
6128
7839
8318
6230
336
3542
1835
2034
1473
8555
2156
1455
9398
1391
1407
1183
9162
2784
410
5999
5002
7885
9946
6451
3788
3363
6153
8964
5518
1051
1228
72
1683
5534
8825
1264
8594
8664
9999
8956
489
3433
2345
6748
5388
7432
4745
579
5465
7721
1148
7495
8007
5763
2111
509
2193
4101
5483
9783
5404
6210
65
8518
4118
5874
8511
3463
434
67
4071
5870
9527
6215
9128
4034
2533
8369
764
1404
648
8558
195
4280
8173
8930
1779
7987
4073
6378
5690
4798
3949
9766
3834
6882
6004
9759
7503
6754
7343
7297
4921
8390
9349
2960
2153
6286
2464
6771
4286
4916
5781
7076
8114
6779
6238
6580
5449
7513
3005
9770
2115
794
267
8473
9451
1023
5996
3673
1265
737
1906
9362
999
7021
3016
7621
983
9047
7859
125
8102
8507
2052
967
9354
262
7189
4268
4788
7083
3569
2337
757
5405
7593
7531
61
2899
9587
8526
7705
2724
3257
9009
797
3688
6933
736
7532
878
7958
3278
8097
6808
4923
8480
4109
2188
2814
4645
6410
56
3083
6819
726
8034
322
4490
9316
3967
8038
7191
7860
4958
2695
2925
8587
5007
2857
6721
3283
4054
8787
3148
6229
6660
3534
418
3169
6639
3581
601
6036
631
7062
7763
8103
5766
5807
4749
480
4293
7201
435
5634
2383
3220
1143
7224
6056
9164
9234
2027
4427
2632
8400
1566
2624
485
2285
5204
1841
9646
9083
6872
5110
173
5654
7606
9301
9336
7802
6913
9348
4695
103
2870
136
4886
9592
5564
1501
4819
7190
2507
8271
196
5063
7247
5608
710
638
5905
4827
1781
9842
9217
9267
9084
8651
3032
6467
1160
3242
8218
2167
7165
5899
1062
7101
6483
5372
3840
7690
7893
4029
8140
6159
9245
9711
997
4659
1521
6250
6880
1463
5371
107
9500
235
74
1281
7154
6554
1170
545
7233
2264
4993
7430
6150
5666
87
3657
6021
4825
9718
8059
7276
9378
2911
4608
2455
4227
4438
1092
8839
7072
7827
7601
2920
8578
4426
2614
9629
6087
9377
1857
7536
6360
4007
4070
1809
4976
4454
7084
9231
2190
4125
4444
1280
6651
5448
9700
1433
4790
8997
1982
1211
356
6126
4492
812
2007
5047
2013
9322
5506
9886
7826
1606
7080
1355
8776
845
7573
8720
9588
234
5924
6782
5471
2665
7349
6983
7291
9757
7985
4219
3674
7517
6327
12
4710
3275
2996
4179
2860
8676
7843
6178
5478
3786
9414
903
8554
8310
9614
2605
5951
7736
2671
4394
6795
2293
4420
1839
4654
6607
7287
609
4283
1130
7161
8169
1492
2804
7427
440
1000
1838
8172
5133
7295
3436
8181
8686
2460
2358
1287
7748
7007
4506
6155
7796
2579
844
9376
3753
7359
8927
7871
7571
1406
1288
9326
9074
5875
1867
2620
9821
9606
4737
9042
8920
1312
4220
3640
7615
6948
5724
7910
8608
2443
3700
6388
6874
124
4388
85
5730
6078
4706
6473
6713
8752
4463
6427
7395
8571
5848
1986
4057
6706
4842
2679
1195
8826
4781
4718
9678
4124
830
5362
2089
9598
6024
866
66
3981
9496
700
4973
3721
5161
5754
3266
4751
4914
1733
8042
2076
2349
2196
562
413
335
7132
4577
3998
6556
7046
5092
1696
2855
2611
7889
207
6537
1104
8239
5913
3722
5470
6692
9036
8601
8520
9537
4204
3959
9659
3
3474
6783
3221
2050
2049
9706
153
5367
3319
1542
564
3422
7742
2626
9155
5624
6709
2044
6615
3720
7042
5912
2821
1478
7779
7814
2673
5200
5292
4601
8735
451
7992
4081
5272
7105
6780
9856
5757
2861
7043
930
2550
5904
27
5533
8204
7874
3326
347
6264
6685
1703
7114
3178
7867
8291
611
1249
8666
9372
2884
2315
3112
2572
1738
8690
2174
7744
5808
1207
9627
9601
226
5628
8104
8619
7119
2118
8006
9402
1486
4307
3608
7112
5317
7013
1629
2878
4229
8264
6171
6893
5147
7916
1107
2232
1588
5716
9233
1685
6296
8230
8113
3051
4123
1750
7264
2832
2898
4295
6113
3143
386
9355
122
5283
6909
854
3715
9331
2001
2495
9976
6105
9550
5751
6463
8075
7913
879
5416
5679
6154
1496
3057
4181
2165
6157
3759
4562
36
853
4739
519
9138
5338
5480
7964
4617
2228
6439
8846
2126
5375
3806
1036
4955
5921
3808
331
4589
5241
5353
7146
9793
6429
9428
6570
6826
5869
9171
9967
554
7151
5710
1035
8624
3103
3055
3447
7594
9815
2316
6454
441
6135
4247
9929
3541
8314
3014
3238
681
9058
6647
3227
1628
1438
2254
5817
5129
4724
7108
1318
6402
2221
8489
1275
1577
6314
3244
751
9396
5755
9168
4261
7505
6267
3377
1966
1889
5918
975
3486
4833
1245
9105
2238
7966
5489
6403
1524
7655
4399
5934
4465
6095
9388
4368
7426
9919
563
6424
4066
1649
7528
6777
3340
9032
5201
2792
3250
4768
2914
7669
924
1180
1890
6064
3833
8241
5244
4200
2391
4755
1426
3696
8152
4026
9661
6006
4765
3042
6657
1480
739
8421
7718
4035
5601
3061
231
3842
5238
8609
4352
2263
808
5253
6408
3828
1164
8493
4500
865
7093
9905
2951
8155
6123
91
9726
1240
473
9214
1718
8024
11
4784
7512
8070
8685
506
7956
636
3910
9134
1163
7610
7638
4782
3026
9575
7435
3893
1802
3156
9101
902
1425
4343
7367
9862
6340
3312
5930
2382
5382
2502
7695
3706
1495
4436
5151
9833
3203
1770
9655
937
5018
5619
9202
908
8855
9763
8171
7980
305
5644
8353
3478
9408
8525
462
4919
4546
3633
6432
775
2242
8767
1364
6138
5668
7315
3084
1031
7696
3771
8727
2546
6297
2648
4078
1334
8281
1666
9749
6096
8252
5897
2192
3359
8840
8642
2894
6770
4600
3298
5314
9816
8359
2582
9199
1827
4687
1140
9796
3606
2610
2194
6761
4856
2954
8970
709
2905
5035
8387
8978
1308
1904
6101
9108
7625
7701
5697
4315
8
5009
2222
825
7079
669
3566
1151
2227
2472
3089
9696
9895
8259
2786
3284
105
7559
2783
4461
831
6345
1395
9067
4174
9861
3164
3620
7494
7499
6626
3064
3683
1117
3330
7480
333
1578
1544
9580
6323
9406
9154
6984
1668
3401
5334
3206
9989
2711
2039
7477
8413
6079
4252
4489
5038
7662
277
5288
3171
9961
6074
3672
9690
2835
7811
37
7497
5148
2191
8880
9910
882
8065
5552
3855
2409
3659
8438
1007
7467
1844
5041
9965
6521
4285
5961
6694
6308
828
6430
1047
2449
3743
166
6673
2437
1403
3029
7334
4339
6919
9898
5834
189
3240
7265
820
4776
5269
4350
4058
6704
6051
3442
1213
5582
7406
587
559
9686
3038
273
2440
7487
1636
8809
2740
8629
9785
9714
5072
3004
3813
10000
5171
8550
4386
5907
4874
3116
3817
6852
4857
3852
5686
6842
422
5398
1870
8168
225
1419
5235
4994
4866
4626
1399
4711
6858
6302
5230
8796
990
4468
4767
1427
8694
3816
9016
3125
6563
2583
3199
6399
595
8803
650
2056
4239
6347
4067
4660
5242
5106
1791
9459
7019
1251
1203
2768
566
4144
4709
6897
8124
6951
5860
5192
9568
1157
7054
2255
2334
8336
3426
5962
19
7032
9283
4053
524
8165
3232
6596
5569
9295
6627
8376
9062
8572
8334
108
8596
9982
9996
5438
2636
6865
7936
8219
4493
9133
3616
6237
2020
1790
3982
4458
9495
743
6609
327
384
1383
7352
2752
9111
4191
1071
1461
3128
657
6640
4404
4731
1796
3765
9432
1599
2353
3394
1712
1192
7538
340
1710
7385
7166
9098
9844
6010
2735
8437
6148
8090
1113
5684
9586
4783
1110
5076
4335
2203
6039
4074
7828
4209
5295
2836
4848
1910
8872
4595
2539
2145
9697
7965
2279
4800
6835
7600
3642
8046
6452
945
4977
6276
4789
7171
9150
5017
6203
7634
2822
4256
4357
2364
2395
8917
2875
875
6470
3924
8451
9836
2586
1063
6936
5136
1897
1202
8681
7844
6736
9223
6162
5767
6785
8561
9019
1002
1057
1297
1669
1744
8128
6883
2164
3214
9694
4656
6792
1115
871
2890
7375
5174
6739
9151
7140
8965
9613
7592
5064
9615
1962
5370
7852
7137
3416
3906
8607
1376
7673
3564
2646
4460
9041
1271
1929
2451
2637
5916
8088
6484
2844
459
2074
6827
4153
3482
1477
9351
1927
2011
6802
1975
3498
729
2531
3075
7253
9771
9666
5005
4850
7360
6413
2366
5093
3578
5706
5219
9677
3614
7138
8718
3625
7848
7439
1573
1217
2564
9913
6423
3543
1220
7246
633
8361
3854
1656
5975
7598
7668
956
9858
1328
8897
3870
9278
1277
9123
1003
3819
6593
5291
9642
7443
8151
5216
2639
1224
762
1509
7932
3095
9279
5333
8197
8737
8069
9605
7624
5396
986
3988
3977
6546
5402
4777
4679
6449
1276
8950
2801
5713
4547
8504
9452
9510
7496
1454
8800
5214
4250
3716
3400
6412
781
1732
3708
7820
7574
6649
2201
942
6361
9043
1964
1667
4571
8068
6212
2129
7230
7365
5098
5053
3105
1821
7031
4570
1942
2770
6598
8229
6419
793
1447
8180
6807
7107
8935
8194
5307
8902
3837
1075
5625
9814
7803
4044
253
7979
1714
6067
5223
6946
5769
4155
8500
3583
1090
1347
5378
4723
84
8116
4514
8490
6735
5082
2717
3155
5075
9163
1556
1089
9410
3629
3031
4031
4920
5925
6029
985
9383
2595
4771
3239
6052
1711
9925
5158
8087
6863
8332
534
2304
351
8302
2090
4131
4188
6469
8432
5945
6838
7099
2357
4732
64
1387
75
7753
6923
4228
3725
3222
5308
4431
137
1421
3645
3984
7333
7386
8785
365
4334
2072
1129
5529
7204
5776
3954
2901
1167
5011
2068
4311
4447
3370
6540
8606
546
1354
7379
3794
1758
382
7808
7197
5939
9873
1320
2886
5558
4495
8233
8683
3056
3941
8379
303
4913
530
855
4811
2206
6868
5447
4906
258
1530
2458
605
919
6950
6848
2079
7036
1677
8539
2687
6053
8499
592
745
1124
4824
7358
1033
6234
7903
950
1357
639
8982
6696
3460
1440
6342
8898
4424
2756
7611
6990
5615
6566
7186
9433
5194
728
9741
4371
8141
920
9512
4076
5852
962
5414
1800
7585
1589
7646
7698
1032
7791
1449
4246
7816
4217
9305
2763
9338
9557
8575
6037
6301
9193
7995
8214
9210
5206
778
1339
9421
6930
3613
4812
4758
7044
3167
9034
8544
5970
1823
5369
9227
6395
1562
5585
8150
8023
8377
6618
5576
1583
9904
6351
355
556
1502
7075
2897
4989
6425
4970
5435
2087
4398
4624
6032
9447
7749
1571
6376
4325
3211
4757
9957
7565
7420
6371
968
9352
5629
701
4478
92
617
4530
1030
1592
3573
1648
886
2469
9030
8695
8177
1311
2130
992
3456
6341
834
248
4180
7239
3880
1059
8253
3294
589
4683
8926
1410
5521
4529
4126
2733
3634
4691
2685
8416
584
6392
5911
4611
6163
3860
7862
9639
674
2772
1037
423
1187
9549
6280
3612
7994
4558
6907
9680
755
4205
7727
360
4634
9031
9746
6461
6690
8419
9144
4873
4572
3041
2236
2084
7325
8514
4273
5586
3290
3367
543
7400
5426
2098
2969
3523
5593
7678
6043
1122
4614
5605
5418
5380
8418
773
2840
1810
4578
6679
2402
7551
7554
8164
9640
5549
1466
8716
917
1134
7116
5639
133
2110
5519
5079
5
1938
6069
4485
9864
7658
850
7519
5117
1596
6061
420
1671
4512
15
6057
1858
7627
1883
3508
4867
2040
4105
363
3351
7479
7566
9583
5854
3648
8434
7840
8089
9292
9018
3662
239
695
2317
317
8153
1808
296
1343
3571
9743
7652
7666
8095
9434
4551
8516
1678
8301
5445
3610
9475
8771
4604
6158
1698
7526
1743
2101
2838
8941
3157
9745
4985
3302
9121
9835
2465
2218
5210
1153
7925
2099
5103
2493
109
9445
1269
5430
7152
2341
1300
4422
483
704
8136
3346
7707
9795
643
9192
9399
9571
7308
2538
2530
2862
2652
4045
537
6063
5882
6285
4201
8453
1481
4823
3131
5597
5168
5778
5381
2569
9044
4728
5746
5656
9838
6718
839
4033
4185
523
6552
2657
4381
6974
290
3580
9809
2073
9088
1171
7330
5675
5798
6293
24
8066
2851
5180
3445
6313
7675
9647
8680
1017
9294
9085
6310
3627
3961
2750
2197
1335
1546
1642
9901
2499
7389
2959
8874
6589
4651
689
3636
7047
9297
3955
6398
6935
7693
4535
8769
2017
896
5383
3256
3502
7572
4062
7158
1842
9579
1325
7273
3711
3273
5867
2514
7821
5850
1973
3248
8026
8929
5155
6805
8071
7188
2401
933
2873
9524
9132
8019
5501
7694
4699
7680
4738
1470
7483
8355
3175
3658
8704
8320
9467
3375
9166
6033
2809
1594
7136
7561
8916
5816
4414
6416
5719
901
7299
1039
7635
4457
8237
6396
7405
5423
1854
9644
8010
2219
5169
7542
5286
6513
9723
5735
7686
8698
5212
873
9250
3006
787
4373
5412
7259
6753
4519
4770
3158
6367
863
9146
6013
6181
7025
1008
1103
7771
328
4384
5672
4445
5893
1999
2702
4932
2612
1561
6140
653
7184
2361
6231
9015
8382
1326
2737
141
2412
5495
7002
8067
7440
1919
8022
1087
3577
5289
8292
1921
162
2841
2681
1296
9419
8083
5044
5420
9303
6994
385
4917
7073
1797
9521
374
8495
877
9204
6480
8200
8106
7950
4533
5968
3665
4284
3432
8245
7133
3935
6239
4347
1528
7289
2705
5417
1482
7904
814
3951
3129
3492
8875
5793
9565
6468
7321
4707
571
6139
9658
8981
9602
5488
3871
49
2633
6829
2318
6914
1624
1005
168
2272
8487
7883
9570
1193
6156
6517
9628
2829
2527
4263
9010
278
4441
9055
1162
5324
2968
1253
4628
4296
3272
9578
466
9535
8080
6091
7463
5016
3559
1512
5627
8193
4160
5425
5606
9704
6602
3228
6518
1536
8216
9750
1516
8232
7148
8721
6851
7390
4020
7981
8557
6654
7679
2295
8422
7620
9800
8206
6606
3215
4816
3390
9438
5752
7169
1243
4653
1815
6338
6008
3471
3405
795
9429
7535
591
1663
4935
3142
1142
4933
8488
6501
4640
2918
3213
2319
586
979
613
3704
7296
6849
9514
8895
9387
9161
7869
9296
5674
2877
9321
1651
4104
8983
4127
8884
5750
378
7102
9023
1653
2513
2071
3003
9480
2381
1688
8203
8335
829
3379
3690
6784
9449
5137
3343
5500
4566
6141
1247
7058
9554
2368
1093
3265
2741
6471
3300
3315
3412
769
6300
7091
3555
8049
7689
240
3792
8096
412
7272
4672
5838
8996
4470
4969
3374
6536
2984
330
6292
8757
3070
5139
8436
2332
8005
951
3897
8805
7527
7421
8429
4169
1456
5646
9476
8405
4382
3096
2762
548
7895
6081
2454
7944
9978
7398
680
8409
8221
5387
6758
8158
5442
2326
7822
3166
4915
2394
7586
1764
3886
3701
407
5903
2563
7584
5694
3796
5130
7213
3850
3809
7991
8279
5273
4366
9548
4361
94
7520
4518
7896
7068
8130
8501
6191
5340
6247
8740
5622
9854
4539
405
1301
5443
870
9911
1553
177
2789
2528
1749
9200
3888
4121
883
1369
4133
888
2195
8325
7918
2253
1411
5123
2261
9360
5391
3838
8923
4554
2509
9430
2497
1582
9664
7115
6175
8911
6597
6613
8366
1603
786
3937
5525
4586
8697
7235
6077
3679
738
6099
1042
6047
7194
9504
2795
7147
9924
5839
6604
4423
7048
8781
3989
806
9423
8823
3504
6227
9607
8073
2837
8250
8470
3609
8744
83
1070
7288
1091
6348
7664
3174
4207
8671
4006
6415
1725
5166
3651
9277
285
6561
2517
4868
2205
4237
7016
1137
8272
3127
4963
4409
7081
6881
8450
100
9998
568
6760
353
703
4681
3932
8731
5456
2947
838
4504
615
7300
1324
3209
6861
2881
6249
3124
3251
8717
1650
6793
3049
2176
6394
5814
7613
1563
4116
8285
5084
3945
8048
3561
7604
9122
3553
4945
7441
2907
6498
8574
6034
1412
3847
4662
7293
6532
156
9045
3695
8835
140
4859
4553
7578
8014
649
2570
8249
2015
4231
5794
4545
3899
39
4569
6476
5723
7792
6714
2608
3071
1586
4314
8148
5919
8832
9304
5695
2972
2292
1493
3245
3491
6143
3512
5855
1303
2774
3958
8012
1584
8303
316
2375
4658
9656
9195
9582
9932
7790
1618
6527
8343
4905
6502
5804
8986
9265
6137
1702
5671
9249
1152
4877
6864
4832
989
8613
1388
5658
5809
2296
6287
256
7612
4815
5437
5633
2271
2325
7431
3926
9309
1181
5978
8808
7251
7731
9478
5550
2576
2979
8566
4491
4288
8346
9416
3185
9054
7794
1135
1933
251
1849
6304
7009
315
8829
3138
4636
7902
2523
4702
3913
7800
3295
1437
7935
625
8756
8300
8793
6324
8463
9483
9633
4657
9775
6972
2599
1869
3313
5070
7324
3033
1855
3479
5831
550
4948
443
1771
7533
2896
4838
2082
7942
1420
2216
5900
4032
2117
2180
8427
9379
6548
2150
521
8309
5591
627
3705
3972
5680
8236
730
1215
5403
1787
9093
4302
5647
2617
6926
8945
6401
142
7056
9427
4807
1446
2428
8132
403
2380
3325
8465
8961
9930
3509
7012
8565
8260
9404
2767
4840
815
9654
2863
2944
3384
9555
8278
3824
7399
1414
6094
9300
2106
3660
106
2494
5026
1448
4299
9831
3785
7643
1097
5830
1138
3462
1362
6987
2239
734
8707
4411
8208
3321
2291
1755
3122
792
5213
7525
9232
3133
2676
232
4120
5927
3184
7996
9000
6978
6645
7476
8138
6221
620
779
5704
3195
7055
8217
6759
3626
7094
3348
6243
3558
9053
4616
9779
8182
4349
6512
4652
6860
8620
3391
6027
3599
3677
164
477
8268
9603
7216
9542
7206
4157
7339
3398
2631
6306
8035
7337
2212
3676
4507
2187
9268
4649
4814
8774
593
2005
3496
4189
8968
8371
2311
9974
8384
2132
4787
2745
2288
1745
5250
5510
7626
7030
4464
6114
6522
4719
2542
3161
5389
4564
6071
3297
8700
1323
345
4762
7829
95
1
5956
8003
5057
121
2095
5997
2908
7196
7215
8552
8693
4224
4047
1507
9668
9339
6738
395
7504
4230
5178
9954
1965
1389
675
2014
1680
8560
2975
117
4575
5661
2434
6621
4502
1200
4110
719
9777
5759
4817
157
9679
8830
7340
6769
4940
2466
8358
7298
6989
783
482
6426
7703
7757
8836
2009
6474
3046
6100
6732
2939
3682
6263
148
7709
5043
4372
5959
8492
8351
4141
9170
187
7498
2714
4090
3110
5786
4487
4606
9403
7066
5267
9710
3887
3628
4272
3733
9811
8120
2956
7640
9375
918
3163
6619
5824
4813
7470
5788
3255
4979
3968
5135
7957
8852
9056
2371
977
1644
318
6082
8903
915
3919
5747
3219
7500
2270
2708
9551
5492
3849
4041
9624
1099
9013
5692
7195
2537
8123
120
9371
948
3008
2096
7240
6464
1727
9721
236
5141
2320
5835
9395
7351
6884
1822
898
3165
4164
5504
6213
6331
26
9734
1836
5234
55
2966
6905
7861
7888
9317
841
5768
4183
1205
6407
7448
3293
3732
1569
987
5069
513
206
5998
4953
8599
2935
3823
2202
8471
4391
1892
3194
8909
1367
2481
9662
790
4448
1441
9178
4238
1572
2748
1895
2700
6283
2310
8906
4858
7656
2112
3009
2105
5802
8772
7220
9608
8415
1006
4746
4846
1074
5021
6853
1058
1088
284
7968
954
8844
5795
5547
5191
4429
5883
9875
6723
2757
9442
7128
2351
5528
127
1664
1128
5827
1246
8783
6727
3015
1329
7825
3671
6134
4503
7986
9424
4583
4022
936
2447
7383
9069
3224
1385
4369
8112
1660
4030
4574
1197
8389
1166
5074
9839
1548
1475
7024
3108
5641
4477
5354
6854
93
8352
9145
5578
9179
8365
6256
923
7277
1639
2634
2892
8710
8869
9667
7346
8940
6442
1747
3611
4696
2210
1627
6797
1218
5955
6600
6947
7028
3975
2994
6109
7919
5003
8519
1884
8498
9851
4192
268
1907
5010
1015
3417
5800
3728
1013
1994
2788
1522
4301
9258
2578
3547
7830
2081
252
1102
2880
402
5812
5493
2802
7793
9086
9205
8508
4829
4871
7304
4941
5222
9190
3718
7819
9368
1873
6025
2660
5562
1856
8081
2160
3044
1161
1241
1626
6028
5815
439
2389
8131
9790
1048
2521
1345
4729
6568
293
3458
1658
2895
9701
1012
2048
4713
5544
2067
8848
1506
1079
3217
8527
8029
3457
7271
3562
7977
3853
8202
9638
5928
1605
8990
9728
2885
5669
3106
4051
3368
691
8960
9845
2891
5522
8818
1125
2659
895
154
1924
7546
7795
2136
7027
7922
3086
9652
8039
3306
6482
3901
7185
8864
3068
209
9740
6103
2128
1635
6830
5461
8532
9574
6658
8995
2148
4178
9674
7815
708
4509
585
6016
9935
1123
8888
7587
208
5037
3632
7311
4023
1100
3338
7228
6981
6982
5256
4618
6689
8749
2496
4763
4936
3190
849
8655
4736
4899
9703
9887
13
7355
8889
3296
1330
9165
6509
4329
261
7629
6799
7316
1428
3466
9063
8063
3342
3037
3141
6333
5701
5225
5853
3481
5914
8321
6169
5762
5715
1902
599
4012
7766
9417
604
8814
9181
6564
6750
943
7131
6857
9104
2932
7221
1991
2028
904
4260
6022
6108
2917
827
1511
8091
9130
2147
6898
223
1720
8758
4049
2755
4901
5891
7550
7732
8149
6710
7582
8331
6492
5407
6577
2083
9286
7741
2557
1931
7454
4561
8333
7939
2214
8595
493
8043
5932
269
2568
2940
6856
8163
6711
5982
1508
5406
8402
6500
7384
2396
6588
3969
2668
9903
7061
2524
4266
7772
8598
6389
5960
9224
9487
2590
6937
3291
3186
9747
8404
4869
7232
8987
916
5512
1484
4754
4855
606
3801
5042
2746
2423
1726
5145
3439
6944
3912
9323
2903
5936
8976
391
887
2107
5067
9853
6813
6418
2952
5579
2930
2372
2505
7214
2373
7730
7322
6131
2234
5570
7549
3123
3798
952
7797
4087
6698
707
9673
1752
3323
5368
3079
2694
1333
5328
2946
759
3324
424
6291
2640
1175
2061
6455
8562
2408
3459
1819
7345
5360
7182
5039
2500
4456
6938
2993
5320
3552
4027
7456
2661
4298
3030
479
4968
6768
9532
2874
1863
969
1072
3501
1948
7004
2336
2207
5073
5765
9682
5473
6092
8115
3907
3452
6608
9219
5880
7507
9799
7824
7263
1298
8502
2950
4446
5640
6281
4402
7971
3758
337
8684
9805
3465
6969
1424
7450
18
5898
3567
3418
292
4632
9590
4904
6493
3804
8491
6885
6664
9784
6358
8503
4395
2730
5164
8350
1292
8323
4234
307
50
1194
714
533
8760
8466
9153
2258
594
1876
659
8860
7257
1225
3738
1232
6414
7588
5020
2489
4947
131
3883
5774
5721
5419
433
8908
2127
2910
7208
3970
4808
5820
1601
6488
8876
79
9284
6942
1450
8634
104
976
5896
3181
2985
8098
4697
6557
3551
5395
3776
3522
3761
2593
1793
7581
8628
191
974
5081
1785
6998
312
6459
8368
2283
7735
8146
4525
7537
4318
8357
4565
9538
4845
5923
7713
8904
4668
3446
8328
3137
1769
376
4592
4450
9581
7275
8397
2667
9188
2715
7817
8220
5188
2937
7933
7462
7268
6767
3730
514
634
1832
3270
3869
2166
7894
7567
7878
4810
7841
1807
3154
3916
2825
8270
1864
4995
4674
2536
8430
7172
1352
8824
3643
1173
3170
9966
6752
5459
379
5740
3752
3207
7491
6245
527
4059
733
9648
5287
3747
741
3930
1429
3202
4548
2977
5967
8381
8924
5980
2209
2938
7082
3304
3160
8579
3882
341
6726
912
1784
5637
540
9453
6746
6232
8004
8154
9516
8319
6205
7243
4792
9444
7270
1851
2743
8147
8276
1915
1011
280
1753
8363
9885
5008
8750
9065
2699
1570
7423
6177
5264
2452
8838
3598
9327
126
4303
1739
4466
1893
2138
210
5323
8952
447
4198
4549
7607
8305
7060
211
6887
8354
4839
9454
3107
2902
4135
3670
6959
4442
9558
217
3090
1768
9156
9791
1620
7488
2151
5249
6669
7278
803
9208
558
2581
8347
7688
2237
1886
3376
3067
4741
7778
4863
4358
3234
1693
5871
5851
7506
8403
8462
7144
6633
1214
5806
5469
9985
8644
9184
8812
4151
3596
5332
5677
2621
4064
2983
9890
4171
640
5111
6485
9715
2335
1740
4161
7881
6968
7261
4108
1043
7294
5227
4114
1145
7466
4522
214
4060
1519
8496
9025
813
876
5451
1538
7111
1736
8269
3857
5987
1557
4216
8467
1082
6976
7069
2630
9420
6404
9672
4805
6207
2670
8412
8431
2360
1065
9953
9525
6121
6806
2833
62
213
5935
7660
5268
6201
47
7269
4187
7682
8084
8998
2249
6282
5458
2889
4011
1418
9933
5077
2038
314
9769
5049
9748
6111
4089
1368
5358
8821
7460
1834
9716
557
4673
1304
9174
9522
2179
9610
3971
2280
1316
8761
411
6450
9002
3878
6687
2181
9373
3347
5655
4162
7035
22
7704
7338
7350
3223
114
377
2723
6775
9653
2327
2384
5926
9413
8871
774
6102
2834
2354
5886
1518
8799
255
4693
4379
9397
3652
364
2053
1273
3152
583
6070
8591
7429
5743
3750
8611
1701
170
3525
271
2450
7095
5297
9503
2026
9126
1004
2182
8919
7850
2978
3592
6572
8616
9004
5908
676
980
1912
6641
3825
5741
4166
9584
9560
5400
8802
9226
3329
5189
2609
570
9737
8729
3973
2125
6503
8969
3353
8094
9494
2330
6816
7818
7006
1378
4908
2989
3237
1943
4903
9943
1533
8223
449
3455
4883
9970
5556
3974
3668
7157
7447
8543
3597
4954
2751
4251
3963
5621
940
4443
216
1263
921
4975
5479
5160
326
7412
8736
2240
2152
7807
1487
6547
2229
8777
3484
7366
7493
9306
7602
1969
3995
1937
6646
9944
5551
8741
7040
4527
408
3603
1248
7875
9755
2677
5245
2140
6870
4602
6110
1472
4130
3423
88
6810
3810
4759
9115
9229
6744
1859
4637
5050
511
9671
4338
6815
7125
9005
5262
7033
2442
2963
549
2678
1398
2274
5611
6073
6574
9963
6168
5714
21
1706
646
4413
8454
5575
5560
9488
7238
9515
8633
8966
2650
2108
9564
6666
227
8938
2340
4483
801
1069
5726
1691
4055
4588
4165
6695
3514
2224
3395
8925
5878
1373
4351
4355
6386
5294
6571
664
9622
6655
9518
9530
5942
4275
6146
1038
6896
3503
5434
6661
6190
1527
5648
9850
9141
6356
5056
9955
9908
9502
5993
651
8290
5337
1409
9446
2093
1491
7301
8766
8638
7303
4308
9027
7543
5836
7135
9847
2463
3879
3848
7331
603
6929
3235
4542
3844
3017
2561
9616
2054
9384
4642
1189
5240
807
2964
4843
2000
2003
6741
5361
1174
346
7568
1340
7837
4911
1775
5464
5632
9984
7901
1622
249
1149
2515
7445
1590
9936
6366
8713
6535
6939
1474
4077
7446
6088
3803
6967
7052
7280
3928
9787
3822
2859
3992
5150
1106
8535
2057
5985
1397
663
3835
6328
1621
3352
4665
1852
3875
3784
687
99
6344
3344
2883
2365
7038
1840
6877
2782
1028
2566
8378
9520
4403
8542
6000
8121
4376
8411
8538
5138
8122
7457
3193
2627
3200
6164
8853
6961
2842
3678
7740
6149
1608
9385
8386
5115
6151
8394
3830
3339
5401
9272
7469
7422
4701
6928
6575
3520
4684
4018
7596
8726
833
7127
6876
3397
4726
4541
1068
9218
6309
5422
7064
2457
6742
6195
1956
8414
9909
7708
2824
9531
6825
2471
4898
1317
872
5983
9788
4410
6147
3799
9293
9071
5513
1676
3464
9900
1675
2006
5181
670
3303
9335
5592
6196
5014
6211
9415
4486
7685
972
9246
1958
9400
7921
7010
6438
7670
4523
1682
3399
2141
8475
4690
1169
1729
2289
4677
8602
5688
5122
881
3570
2075
7310
5566
2900
1560
1535
4099
5173
182
4774
5797
243
6246
7630
4865
2574
5036
6971
7920
9720
7478
1689
2186
4986
5413
6843
8585
771
5055
6133
2641
1780
9263
6550
5974
5429
3104
8747
9878
5080
8482
7159
260
6524
7156
7442
7473
3693
9665
502
8667
6975
1967
6910
4671
9896
1375
3779
5698
8623
3441
2797
9975
832
3909
4088
9914
1905
804
6678
8699
5125
1721
501
8401
3649
7570
2488
119
6614
1513
3873
5114
2534
889
6062
2691
4341
9107
6397
6380
1661
5678
1861
4878
2260
6202
8032
4849
1485
1709
911
2269
1914
749
9631
1295
818
2273
2226
8134
9464
766
2547
4482
9022
3440
2158
6605
6796
4038
1431
3518
7775
7961
5228
1662
6917
966
3960
662
7411
54
2286
8213
8770
1392
1465
1101
9182
3180
899
4455
6305
7595
9596
6447
2856
6921
2211
308
3485
4223
5537
3230
9802
9879
3039
1654
5540
9194
1476
5119
4319
6330
6986
3889
8733
7552
8474
7882
9572
2016
3072
3829
4467
2439
3605
193
2522
4844
8246
1998
9040
796
9889
7510
350
8794
348
7801
3719
2929
3635
5819
380
6346
3957
25
4042
6820
3309
8425
6353
4705
9499
5791
8521
7211
4258
9363
8062
8345
5691
1222
7856
8273
4282
2663
3021
456
4670
6241
3624
3118
7672
2025
6295
1992
3595
3563
3953
2480
9006
4734
4471
6228
5302
7408
9143
6545
8050
718
4259
9539
7130
7150
4496
1168
3177
7514
7975
6176
5143
9051
6068
7665
9087
2662
547
8483
3048
1862
3073
6772
6510
1350
7361
5840
9906
2362
1742
8055
4902
8687
2066
5822
2267
7245
299
7077
2504
8226
5885
1445
656
4981
455
2727
7636
5548
3516
9092
332
8641
8127
2467
1309
7831
561
2516
8108
5099
7723
6886
9448
7124
7756
7320
3739
1201
5085
4257
5266
4982
5351
6093
9958
9386
717
4472
6997
8942
4043
3943
2348
8751
7428
9529
7011
8614
6381
4773
7202
1408
288
542
5973
3268
667
3528
735
690
3644
343
5097
9926
368
6804
7177
3369
6879
8627
8615
2791
5526
616
7001
8900
6242
1874
678
7847
5113
3454
6130
5604
7323
9186
5104
6335
3253
3334
3820
4952
4186
1900
8374
5577
6592
6659
5803
791
5856
5984
2544
2987
5790
6869
5530
823
575
6206
9364
175
7884
4304
8974
8672
6846
711
3020
4854
9330
6007
7931
4249
1390
5029
8198
6040
3843
5645
2374
3795
2999
496
5282
6120
8159
8367
6899
7309
450
8407
9075
4016
2059
5572
2793
8831
339
8058
9307
8645
8326
185
5571
7117
722
6731
3593
1439
5922
6912
1705
8435
1845
7969
3557
6534
3506
2879
6957
7702
629
9315
3449
4211
9781
6104
2407
4435
2259
4526
7906
244
5787
2134
4069
9405
372
69
2655
3623
4563
3198
6601
3356
57
4061
1278
9897
9242
9727
2760
2706
8922
978
8298
1762
4196
5508
471
3890
8311
4226
8315
6370
3814
6374
6332
1346
2390
9888
5563
7838
9817
9511
8085
2400
897
9029
3349
1754
3789
43
6791
4579
6491
1283
3920
7851
445
1935
9256
2732
5602
1788
9719
3494
6224
5616
9820
3544
3513
7419
5477
7326
8977
9663
8317
6725
29
1494
5670
4462
3717
3307
7583
1950
362
9080
6765
5711
3040
7943
4243
7556
2868
6576
9874
4721
6733
4879
3807
4385
9526
3863
7086
1896
746
8784
1302
8077
429
5810
1034
9489
4821
8597
5583
2719
4567
4370
5386
2178
2948
660
2580
8865
9468
9440
7104
5399
1983
1020
8807
5847
9632
484
3918
5756
8099
4727
2604
5565
7306
2019
1514
9137
4375
7788
5439
8899
8748
8257
6200
3746
9014
4103
712
6620
1290
1960
5535
176
3862
4598
5620
3429
3027
8583
8979
4152
7267
697
1010
4692
6724
8297
2549
8426
5617
1457
5792
6278
3647
8933
1268
9381
819
2643
7087
8540
5915
8849
7174
2091
6288
9431
9534
8107
3987
7029
1531
9167
4524
5441
3427
4987
597
7914
2297
392
2629
3936
16
3601
5071
1394
9591
5843
7618
8701
1918
9189
8782
8472
1554
1040
9201
4400
8137
425
7242
4544
4990
2307
8850
3500
4305
7282
7155
3201
7530
8327
4882
9455
9298
5159
469
856
9
9237
4494
8009
9604
9837
5446
2934
4581
5623
4360
7671
4137
7382
973
2567
8324
9693
6811
4752
9507
8054
4233
3183
6481
5681
7700
9127
1534
5197
4605
8287
5411
8886
5502
3443
692
2785
9028
9209
5990
8604
270
9517
8339
1198
932
5131
5467
3490
8549
4796
6172
2199
9698
2693
582
6836
8178
7415
6954
7534
8417
3545
442
1529
9066
694
1235
3685
961
721
3382
6372
4321
82
6812
2656
5610
2103
1776
900
4146
5342
6166
1878
1728
7780
1820
2063
699
9964
8779
7393
5094
4476
4516
2446
7864
9059
993
7341
8313
8383
1223
508
1568
3120
6817
5940
4206
8002
7328
8534
1229
7515
4232
4715
2080
7103
835
5771
8235
1843
7576
843
5574
7181
4828
6218
1147
8878
448
4322
5059
5879
4068
7659
3902
3404
1741
3358
5683
2462
7836
3866
1310
4675
3846
9149
2813
4094
2275
6260
3191
9100
3034
5366
8891
5541
7279
6405
4831
3756
9288
3762
7962
7317
2805
2596
9801
5109
6142
4678
4582
544
3689
4440
1188
2149
2177
1001
1877
6497
9401
457
6892
8524
2888
560
1054
4387
86
1916
1337
1178
8551
3944
2323
2035
8946
2849
8410
431
4794
9695
9412
4924
9938
6339
3554
9125
4997
4621
9617
2819
9916
7474
9312
6743
6523
931
7141
77
7451
6629
2241
1934
6663
1452
3388
8953
893
8984
8722
7651
4983
3587
9863
4931
3797
2426
1990
628
6616
5126
6219
8296
5626
7562
9917
7260
8828
3059
4929
9931
6762
3827
7563
8600
1022
5177
1804
3403
4159
9460
9239
8222
3793
6519
6632
5943
9073
6379
3411
3656
765
1716
2021
9021
6262
1423
1812
6422
1881
8212
8072
577
1242
4143
3247
1009
2518
3114
1029
8759
4517
2931
2183
1687
7353
6319
4769
6274
3413
2251
5652
41
686
8792
8391
3903
612
8877
5226
3136
5972
2867
5758
4998
8546
143
1558
2159
9197
5981
7371
4622
4028
3812
6097
5347
472
1289
4907
5682
2654
885
3018
4885
8167
8887
8586
1049
2448
1996
4930
4965
7631
5779
1872
4603
7348
5753
4418
3305
3168
7368
2731
89
5929
6384
7401
7687
4406
7809
9374
8723
4978
914
3360
1259
8837
2817
5703
9650
7798
302
847
3322
9735
4748
8775
6359
6194
4056
2779
5663
8934
1067
9899
9553
9834
8053
6357
9597
6085
7654
5163
1757
1984
4221
9758
750
6569
8017
2282
4615
4967
7812
1774
7575
5700
28
5653
8307
939
9344
8714
9722
2990
6119
7374
7714
2379
3076
5876
2815
1565
4851
1830
7380
9046
4576
1116
512
1789
5696
4333
4735
2728
4264
7356
8126
8179
5849
7784
821
7712
6839
6014
3778
3851
7783
4150
3841
4897
5271
7484
5517
8626
6494
7100
9060
8592
6460
2321
9543
1436
941
2904
7923
5408
9216
5861
8768
2958
1483
1359
7250
3698
2422
9257
2185
8186
1540
4401
3475
5638
8653
5731
2429
8668
9361
1336
1282
2992
1291
3115
9942
6294
298
6901
7381
684
5727
7637
3884
5536
4100
5296
515
2410
5086
7558
864
9033
4925
6400
8119
4714
2927
7110
6251
2713
4862
7522
9794
2738
7876
9880
2435
5054
2965
5966
2823
1805
4689
1451
7555
1612
1552
1136
3182
2555
2308
1697
9681
9341
784
7548
1155
3724
3477
2613
1294
8443
5979
4984
6315
8234
3594
9987
8854
5284
4555
1974
4966
9254
9490
8738
6844
8251
6437
6964
5374
6225
1911
5102
7217
935
5770
4596
3130
2697
6152
7909
9841
9798
354
7974
3940
5527
4895
4543
1917
7770
9773
4644
1955
4348
8893
184
4708
1266
8943
5428
9169
1526
2876
3419
785
2864
6336
2433
115
3246
9262
2346
1633
9116
4974
2065
4393
4534
824
965
6773
430
3292
4432
5305
5322
2511
6365
4439
4585
3341
5709
4893
6932
6720
1150
677
7292
3007
2943
2444
5301
7413
5393
5607
40
5275
9806
7244
8497
1909
9094
3045
4884
9533
8992
6895
9275
3176
4513
9243
3311
5520
2882
1580
3069
417
2734
5685
7475
5208
994
4949
2585
4891
342
8078
7833
2055
752
8530
7915
5237
9228
7590
3093
4505
6590
4972
218
2806
3336
4008
179
7947
7237
6320
4390
6591
4262
5737
9175
9676
8663
3782
9995
1708
3661
9177
6354
467
934
7067
2322
1903
7118
9780
3192
1239
7998
9692
6715
8959
387
2872
1559
291
2155
9599
553
4619
5476
3997
9091
4241
8161
8822
4010
5944
8958
8156
7170
8643
673
862
4627
8567
4346
578
1413
4943
5687
9824
9365
1159
5799
2826
8227
5410
4193
2031
6038
1458
2262
6307
6272
5505
3159
4743
324
3287
4437
5182
7633
5309
8569
5491
3281
2689
6845
817
5006
5693
4778
2602
2973
8652
2344
2796
5215
7782
1045
8612
7153
1543
7785
1987
5920
1684
6751
1848
4140
9651
732
6699
3529
9370
3024
8861
572
5365
8420
7603
2766
2725
6362
7564
2213
5183
3212
7872
9776
696
2669
4806
6055
8709
3233
4265
1970
4383
2088
7511
7930
4001
9035
8428
3904
8548
2970
4269
3092
3691
4686
279
6643
9222
9611
9347
7319
9513
8529
7897
5348
1978
1085
6066
9037
3731
8322
8484
1679
6132
1231
4167
4235
5231
5832
5221
8344
9918
4412
1230
1018
9730
6965
5948
5732
5917
3371
4623
2047
8842
3641
9636
3162
8340
6441
4785
8657
5587
5657
10
922
9007
5233
4345
5553
9912
8395
9595
2018
4809
8588
6873
2284
3639
1545
5315
6279
683
8765
1961
8570
6867
2123
7354
8833
7142
1132
1816
1894
1025
8456
6940
6261
8914
7149
2432
9927
869
2887
5957
8262
4612
8215
6465
7765
5733
2765
201
5280
3187
6833
9819
5782
2707
3065
6949
1233
859
9724
1386
7963
3654
6122
1435
6888
5277
7597
3402
3966
867
4613
6668
2223
7120
7849
1585
7854
4552
178
5825
45
6266
3023
6390
359
880
6060
3480
1520
2541
8811
5481
6445
1692
7858
768
7342
1077
415
6841
3787
53
1735
4918
1828
3153
1377
2248
5312
4594
113
1293
367
7926
6683
4210
8184
4408
8843
7764
5829
9465
1471
7205
4666
1782
1459
1930
5780
7236
8166
6891
5285
6187
9884
6822
1766
6774
5356
5032
5950
6209
5738
3892
5083
8008
9969
275
6662
2787
3062
8447
5845
6167
5761
2010
4655
2329
538
7200
8433
7234
2503
9867
3310
6257
3925
1579
5012
4253
497
6862
7739
4240
6382
8209
925
1365
1331
4449
1055
7632
3487
4587
6533
6446
7057
5165
1846
8021
1139
8661
4631
5708
2619
7614
3241
5255
2761
5612
9173
7437
1641
2456
7781
4744
2771
3548
3144
5545
1980
7832
5248
3269
7810
2683
6681
5450
7492
2453
9685
3703
414
9407
259
8040
3063
7254
2441
60
7370
1638
4134
1850
4158
4861
5659
3210
2309
2603
3780
1794
5964
1257
2554
1997
6903
5329
6551
5199
8931
2962
6334
8025
8705
4992
7121
8885
9380
3204
2827
8293
3036
9486
2333
8375
4722
1537
8581
1866
4082
4277
7983
7989
2510
3231
4244
5864
5258
2102
5933
427
6716
9106
313
8133
5881
4312
8531
8105
7362
998
3469
6041
2461
5303
4497
9325
6684
8536
9196
7388
763
6991
1504
928
5888
9096
2692
7000
770
8145
6625
5390
8951
7051
4580
4136
8650
1637
5025
8564
1053
9709
6475
5149
1949
9469
5318
4818
6193
1131
4
4084
1652
4682
5343
8654
760
5432
8061
641
982
325
6030
9248
2562
6728
9940
6855
9185
4700
3357
8660
1891
9713
9001
4764
8580
7143
8299
3196
9082
6312
1968
1670
5325
610
334
4951
953
740
1576
1041
4964
2818
1734
7180
9860
3012
8892
4926
6199
2869
8858
155
2506
1105
9725
7014
5749
3905
5022
6788
3050
5379
128
3764
4453
4939
8862
5397
5516
